value: 1702.69 1702.45 1702.61 1702.99 1702.97 1702.75 1702.67 1703.07 1702.41 1702.93 1702.85 1702.63 1702.73 1702.55 1702.55 1702.79 1702.77 1702.65 1702.95 1702.85 1702.75 1702.41 1702.97 1702.85 1702.38 1703.01 1702.69 1702.29 1702.57 1703.01
simulAnnealtimes: 1.51206 1.30617 1.41305 1.37311 1.3929 1.54901 1.13758 1.61346 1.49206 1.37337 1.59564 1.509 1.41455 1.43519 1.58529 1.45843 1.55947 1.49925 1.38352 1.67386 1.25268 1.49591 1.38503 1.33819 1.40349 1.56776 1.66448 1.64844 1.45707 1.7652
