value: 1646.02 1646.09 1646.12 1646.23 1646.02 1646.13 1645.97 1646.03 1646.02 1646.13 1645.92 1646.15 1646.22 1646.24 1646.08 1646.04 1646.13 1646.34 1646.13 1645.97 1646.3 1645.96 1645.96 1646.27 1646.15 1646.2 1646.28 1646.25 1646.26 1646.05
simulAnnealtimes: 1.78812 1.5007 1.64386 1.75448 1.39646 1.31453 1.67379 1.6198 1.46416 1.32558 1.3884 1.51366 1.5062 1.49311 1.53045 1.66825 1.4384 1.49233 1.60811 1.57931 1.52112 1.60386 1.43486 1.30508 1.71826 1.74022 1.36743 1.31646 1.29459 1.48044
