value: 636.78 636.91 637.35 637.66 637.03 637.401 637.44 637.459 636.71 636.63 637.43 637.54 637.59 637.53 637.25 637.05 637.36 637.61 637.39 637.44 637.21 637.459 637.5 637.35 637.42 637.621 637.15 637.189 637.27 637.48
simulAnnealtimes: 0.297451 0.24535 0.282731 0.293685 0.327635 0.283842 0.319153 0.273702 0.305221 0.300431 0.248904 0.307338 0.259699 0.291202 0.26625 0.251421 0.248871 0.238569 0.267669 0.271555 0.265569 0.276898 0.318523 0.253883 0.260121 0.322098 0.275646 0.300847 0.294497 0.244032
