value: 26.2 26.2 26.2 26.2 26.2 26.2 26.2 26.2 26.2 26.2 26.2 26.2 26.2 26.2 26.2 26.2 26.2 26.2 26.2 26.2 26.2 26.2 26.2 26.2 26.2 26.2 26.2 26.2 26.2 26.2
simulAnnealtimes: 0.002789 0.003154 0.003075 0.003664 0.003843 0.00343 0.003656 0.00289 0.003239 0.003369 0.003325 0.003617 0.003724 0.003696 0.003629 0.003259 0.003207 0.003359 0.003551 0.003379 0.003694 0.003519 0.003494 0.003165 0.00353 0.003459 0.003038 0.003455 0.003247 0.00354
