value: 428.16 428.48 428.48 428.44 428.16 428.28 428.36 428.32 428.4 428.16 428.44 428.28 428.12 428.4 428.28 428.36 428.44 428.48 428.4 428.44 428.48 428.44 428.439 428.4 428.16 428.36 428.16 428.16 428.4 428.4
simulAnnealtimes: 0.128956 0.136299 0.131205 0.121805 0.127923 0.132794 0.141297 0.136694 0.126343 0.118886 0.153289 0.135077 0.119083 0.117383 0.127548 0.122365 0.120202 0.127294 0.131027 0.134392 0.124755 0.115519 0.132691 0.110221 0.119627 0.12859 0.124143 0.127258 0.117474 0.110862
