value: 105.9 106.1 106.1 106.033 106.1 106.1 106.033 106.1 106.1 106.1 106.033 106.1 106.1 106.033 106.033 106.1 106.033 106.033 106.033 106.1 106.1 106.1 106.1 106.1 106.1 106.1 106.033 106.033 106.033 106.1
simulAnnealtimes: 0.0139 0.014292 0.013052 0.013427 0.014409 0.014803 0.014425 0.015542 0.013435 0.013893 0.013031 0.015651 0.014718 0.015334 0.014844 0.014516 0.015234 0.01568 0.013562 0.015037 0.016058 0.014527 0.015562 0.014555 0.014393 0.013364 0.014479 0.013982 0.016315 0.015067
