value: 244.433 244.567 244.5 244.633 244.367 244.633 244.433 244.567 244.633 244.5 244.433 244.433 244.433 244.633 243.7 244.433 244.1 244.233 244.5 244.5 244.167 244.433 244.567 244.567 244.5 244.233 244.567 244.567 244.5 244.567
simulAnnealtimes: 0.054773 0.053016 0.047552 0.048143 0.055455 0.051171 0.048373 0.048894 0.048896 0.051206 0.044346 0.051517 0.046435 0.05159 0.052232 0.040815 0.051446 0.051607 0.044775 0.052202 0.046858 0.046998 0.048381 0.043749 0.051302 0.056573 0.050882 0.045595 0.048016 0.055317
