value: 26.2 26.2 26.2 26.2 26.2 26.2 26.2 26.2 26.2 26.2 26.2 26.2 26.2 26.2 26.2 26.2 26.2 26.2 26.2 26.2 26.2 26.2 26.2 26.2 26.2 26.2 26.2 26.2 26.2 26.2
simulAnnealtimes: 0.003445 0.002898 0.002882 0.003496 0.003185 0.004108 0.00365 0.003147 0.00347 0.003867 0.003148 0.003441 0.003237 0.003439 0.003231 0.003486 0.003347 0.002998 0.003058 0.003548 0.003723 0.002993 0.003336 0.003192 0.003144 0.003189 0.002623 0.002921 0.002782 0.004046
