value: 5.35 5.35 5.35 5.35 5.35 5.35 5.35 5.35 5.35 5.35 5.35 5.35 5.35 5.35 5.35 5.35 5.35 5.35 5.35 5.35 5.35 5.35 5.35 5.35 5.35 5.35 5.35 5.35 5.35 5.35
simulAnnealtimes: 0.001645 0.001756 0.001461 0.001462 0.001746 0.001747 0.001756 0.001216 0.001771 0.001546 0.001505 0.001569 0.001334 0.001486 0.001559 0.001697 0.001421 0.00141 0.001365 0.001457 0.001404 0.001313 0.001867 0.001419 0.001319 0.00155 0.00136 0.001474 0.001438 0.001325
