value: 110.4 110.2 110.4 110.4 110.2 110.3 110.4 110.2 110.3 110.4 110.3 110.3 110.4 110.4 110.4 110.4 110.4 110.4 110.2 110.3 110.3 110.3 110.4 110.2 110.4 110.4 110.4 110.4 110.4 110.4
simulAnnealtimes: 0.014993 0.014941 0.015842 0.016657 0.015365 0.013889 0.015108 0.013361 0.015995 0.015017 0.015842 0.015379 0.014901 0.014793 0.014785 0.0145 0.014204 0.013021 0.014006 0.015641 0.015056 0.015942 0.015413 0.015725 0.014785 0.0146 0.014841 0.016156 0.013704 0.01447
