value: 428.36 428.24 428.4 428.52 428.32 428.48 428.36 428.44 428.28 428.4 428.44 428.24 428.24 428.44 428.32 428.04 428.24 428.04 428.12 428.48 428.36 428.32 428.159 428.32 428.44 428.4 428.4 428.16 428.44 428.36
nbiterLS: 29 26 35 33 34 31 33 37 35 35 36 32 31 31 37 27 38 32 34 37 30 35 35 40 31 35 31 34 37 36
ilsHCtimes: 0.08238 0.074383 0.100364 0.093629 0.098007 0.090326 0.100149 0.106147 0.100137 0.105412 0.102602 0.091141 0.088594 0.088297 0.10555 0.080483 0.109472 0.09093 0.097499 0.110158 0.090622 0.099286 0.10018 0.113645 0.090243 0.098648 0.089507 0.096776 0.105511 0.104
