value: 26.2 26.2 26.2 26.2 26.2 26.2 26.2 26.2 26.2 26.2 26.2 26.2 26.2 26.2 26.2 26.2 26.2 26.2 26.2 26.2 26.2 26.2 26.2 26.2 26.2 26.2 26.2 26.2 26.2 26.2
nbiterLS: 7 6 6 6 8 8 5 6 7 4 9 7 6 5 7 8 5 8 5 7 6 7 7 6 6 7 6 5 8 6
ilsHCtimes: 0.000568 0.000471 0.000468 0.000485 0.000489 0.000387 0.000255 0.000299 0.000328 0.000187 0.000449 0.000338 0.000305 0.000209 0.000269 0.000345 0.000247 0.000368 0.000235 0.000331 0.000274 0.000316 0.00032 0.000264 0.00029 0.000315 0.000263 0.000241 0.000389 0.000243
