value: 636.99 637.75 637.56 637.39 637.59 637.219 637.25 637.51 637.06 637.179 637.22 637.54 637.749 637.299 637.409 637.391 637.43 636.95 637.629 637.33 637.091 637.38 637.23 637.22 636.84 637.4 637.06 637.34 637.229 637.44
nbiterLS: 48 56 51 47 53 54 56 61 52 53 37 63 48 58 48 41 58 44 55 52 50 57 47 44 50 43 45 51 51 51
ilsHCtimes: 0.299217 0.349086 0.325184 0.298753 0.333481 0.344962 0.3556 0.38248 0.335326 0.334347 0.235768 0.410461 0.305596 0.362823 0.309413 0.26435 0.36401 0.285164 0.378549 0.349642 0.322317 0.375722 0.326314 0.295927 0.32716 0.299135 0.301427 0.3339 0.344921 0.331395
