value: 5.35 5.35 5.35 5.35 5.35 5.35 5.35 5.35 5.35 5.35 5.35 5.35 5.35 5.35 5.35 5.35 5.35 5.35 5.35 5.35 5.35 5.35 5.35 5.35 5.35 5.35 5.35 5.35 5.35 5.35
nbiterLS: 3 3 3 3 2 2 3 3 3 2 3 2 3 3 3 3 3 2 3 3 3 3 2 3 3 3 3 2 3 3
ilsHCtimes: 4.8e-05 4e-05 3.9e-05 4e-05 3.1e-05 0.000146 8.1e-05 9.9e-05 4.5e-05 3.6e-05 5.9e-05 4.5e-05 3.8e-05 1.9e-05 1.6e-05 0.000113 2.1e-05 3.6e-05 2.4e-05 9.9e-05 5.8e-05 5.4e-05 3.3e-05 5.1e-05 5.9e-05 3.8e-05 3.8e-05 4.6e-05 2.1e-05 4.3e-05
