value: 244.367 244.567 244.5 244.367 244.433 244.233 244.433 244.367 244.3 244.567 244.566 244.033 244.5 244.5 244.633 244.633 244.633 244.433 244.5 244.633 243.833 244.5 243.9 244.433 244.567 244.5 244.633 244.633 244.5 244.5
nbiterLS: 19 23 25 18 20 23 21 24 21 22 30 21 29 24 24 21 26 24 24 23 20 22 20 27 27 23 21 26 23 21
ilsHCtimes: 0.020524 0.024195 0.026494 0.018968 0.021458 0.024644 0.022205 0.02538 0.022056 0.023267 0.031634 0.023107 0.031599 0.025715 0.025299 0.022663 0.027314 0.025447 0.025365 0.024251 0.020953 0.023701 0.021191 0.029004 0.028496 0.024206 0.022498 0.027634 0.024334 0.022046
