value: 1702.61 1703.01 1703.15 1702.95 1702.91 1702.49 1702.95 1702.97 1702.77 1702.43 1703.15 1702.97 1702.73 1702.91 1703.05 1702.91 1703.11 1703.09 1702.79 1703.09 1703.03 1702.55 1702.93 1703.03 1702.63 1702.75 1702.81 1702.73 1702.75 1703.01
nbiterLS: 76 88 82 70 79 75 79 81 81 77 86 88 81 86 86 83 81 92 72 80 76 78 75 80 80 77 81 80 77 75
ilsHCtimes: 2.72586 3.16837 2.9511 2.52617 2.83766 2.70079 2.85092 2.98101 2.93486 2.78617 3.10799 3.18687 2.93203 3.16719 3.11906 3.00496 2.94985 3.33308 2.6069 2.89642 2.76274 2.81559 2.72114 2.8912 3.082 3.01932 3.02914 2.90906 2.78014 2.7117
