value: 110.4 110.4 110.4 110.4 110.4 110.4 110.2 110.2 110.4 110.4 110.3 110.4 110.4 110.4 110.4 110.4 110.4 110.4 110.4 110.4 110.1 110.4 110.4 110.4 110.4 110.3 110.4 110.2 110.4 110.4
nbiterLS: 14 14 11 12 12 14 12 12 16 16 14 16 15 14 12 12 12 12 11 13 13 14 14 15 14 15 14 10 11 11
ilsHCtimes: 0.005215 0.003738 0.003091 0.003198 0.003266 0.003943 0.00365 0.003828 0.004377 0.004607 0.003762 0.004596 0.004296 0.003762 0.003332 0.003414 0.003338 0.003211 0.003345 0.004056 0.003954 0.003987 0.004 0.004257 0.003927 0.004703 0.00386 0.003025 0.003038 0.004203
