value: 1646.3 1646.32 1646.15 1646.37 1646.32 1646.37 1646.31 1646.05 1646.41 1646.32 1646.29 1646.3 1646.07 1646.15 1646.16 1646.23 1646.08 1646.38 1646.18 1646.12 1646.02 1646.25 1646.06 1646.18 1646.33 1646.32 1646.31 1646.25 1646.3 1646.36
nbiterLS: 76 92 69 97 86 84 80 75 89 79 86 100 89 87 83 82 87 85 84 76 80 88 80 92 90 86 87 74 83 82
ilsHCtimes: 2.75068 3.31523 2.49541 3.49699 3.08487 3.02424 2.88841 2.70326 3.21075 2.86637 3.12784 3.61155 3.21122 3.15996 2.99372 2.96071 3.14324 3.06999 3.02498 2.74602 2.89101 3.2155 2.8902 3.32292 3.25497 3.08877 3.18544 2.66521 3.01226 2.96625
