value: 106.1 106.033 106.1 106.033 106.1 106.033 106.033 106.1 106.033 105.9 106.1 106.1 106.1 106.033 106.1 106.033 106.033 106.033 106.1 106.1 106.033 106.033 105.9 106.1 106.033 106.1 106.033 106.033 106.033 106.1
nbiterLS: 12 14 10 13 13 12 14 16 15 14 12 14 11 17 14 14 12 12 13 14 12 11 14 15 14 16 12 13 13 15
ilsHCtimes: 0.003257 0.003697 0.002904 0.003704 0.003844 0.003818 0.004833 0.004655 0.004407 0.004058 0.003516 0.004061 0.003168 0.004783 0.004239 0.004274 0.003368 0.003361 0.004051 0.003948 0.003315 0.003043 0.003976 0.004258 0.004079 0.004434 0.003353 0.003676 0.003692 0.004086
